400 15.4 0.0508 39.6 0.0282593 125.353
2000 0 0.1016 31.7 0.00150092 133.153
500 8.4 0.0508 39.6 0.00566229 122.905
800 0 0.3048 71.3 0.00266337 126.201
16000 4.8 0.0254 55.5 0.000873218 124.394
500 2.7 0.1524 39.6 0.00294804 121.009
4000 3.3 0.1016 31.7 0.00251435 124.852
5000 0 0.3048 71.3 0.00266337 121.301
4000 4.2 0.0508 71.3 0.00142788 133.598
6300 5.4 0.1524 71.3 0.00401199 116.411
5000 9.9 0.1524 39.6 0.0233328 111.135
1000 11.2 0.0508 71.3 0.014072 136.941
250 12.7 0.0254 71.3 0.0121808 119.698
3150 7.2 0.1524 71.3 0.00752039 116.783
1600 19.7 0.0508 39.6 0.036484 117.604
8000 4.2 0.0508 39.6 0.00152689 120.397
800 7.3 0.2286 55.5 0.0111706 128.444
5000 4 0.2286 55.5 0.0042862 120.034
2000 7.3 0.2286 39.6 0.0123481 117.809
5000 12.3 0.1016 39.6 0.0408268 108.625
8000 4 0.2286 39.6 0.00473801 113.129
3150 0 0.0508 39.6 0.000791822 135.938
1000 0 0.3048 31.7 0.00331266 127.365
3150 8.9 0.1016 71.3 0.0103088 123.263
2000 3 0.3048 55.5 0.00452492 123.069
10000 4.8 0.0254 39.6 0.000907475 126.066
8000 0 0.3048 71.3 0.00266337 117.151
315 4 0.2286 31.7 0.00509068 123.609
2000 5.4 0.1524 31.7 0.00525474 122.771
200 0 0.3048 31.7 0.00331266 117.195
2500 0 0.1016 71.3 0.00121072 132.595
400 1.5 0.3048 39.6 0.00392107 124.001
5000 4.2 0.0508 71.3 0.00142788 132.828
5000 17.4 0.0254 55.5 0.0165706 118.941
3150 19.7 0.0508 39.6 0.036484 113.004
400 8.9 0.1016 39.6 0.0124596 135.54
200 17.4 0.0254 39.6 0.0172206 114.044
3150 0 0.0508 71.3 0.000740478 135.07
250 19.7 0.0508 39.6 0.036484 127.224
2500 17.4 0.0254 71.3 0.016104 126.746
4000 12.3 0.1016 71.3 0.0337792 118.018
4000 0 0.0254 31.7 0.000439472 137.047
12500 0 0.0508 39.6 0.000791822 123.988
1000 12.3 0.1016 39.6 0.0408268 122.435
200 15.6 0.1016 39.6 0.0528487 123.514
2000 0 0.1016 39.6 0.00146332 133.251
250 17.4 0.0254 71.3 0.016104 113.796
2500 5.3 0.2286 71.3 0.0051942 123.74
1000 0 0.1524 71.3 0.0015988 127.307
2500 0 0.2286 71.3 0.00214345 128.354
1600 0 0.0508 71.3 0.000740478 129.68
800 0 0.2286 31.7 0.0027238 130.725
4000 15.4 0.0508 71.3 0.0264269 122.675
2000 11.2 0.0508 39.6 0.0150478 124.42
6300 4.2 0.0508 39.6 0.00152689 125.717
630 3.3 0.1016 39.6 0.00245138 127.251
6300 2 0.2286 71.3 0.00293031 120.786
2500 12.3 0.1016 55.5 0.0368233 117.054
500 0 0.3048 39.6 0.00310138 126.959
1000 17.4 0.0254 31.7 0.0176631 131.796
5000 7.2 0.1524 39.6 0.00909175 113.288
10000 0 0.3048 55.5 0.00283081 113.076
315 15.4 0.0508 31.7 0.0289853 122.845
6300 2.7 0.1524 39.6 0.00294804 119.209
1600 3.3 0.1016 39.6 0.00245138 133.071
800 0 0.0508 39.6 0.000791822 126.508
800 2.7 0.1524 71.3 0.00243851 127.394
5000 0 0.0508 31.7 0.000812164 133.23
1600 0 0.1016 39.6 0.00146332 133.261
400 3 0.3048 31.7 0.00529514 125.398
2000 0 0.0254 31.7 0.000439472 130.697
800 3 0.3048 71.3 0.00425727 129.494
8000 0 0.0254 71.3 0.000400682 129.867
6300 7.3 0.2286 71.3 0.0104404 115.818
800 12.3 0.1016 39.6 0.0408268 122.315
250 4 0.3048 71.3 0.00497773 126.395
800 4 0.2286 31.7 0.00509068 130.869
2000 8.9 0.1016 39.6 0.0124596 119.04
4000 4 0.2286 55.5 0.0042862 120.654
4000 4.8 0.0254 71.3 0.000848633 134.928
1000 0 0.0508 39.6 0.000791822 127.638
2500 0 0.0254 55.5 0.00041229 130.073
630 0 0.3048 31.7 0.00331266 129.095
3150 19.7 0.0508 71.3 0.0341183 116.225
1000 0 0.1524 55.5 0.00172668 128.583
500 12.3 0.1016 71.3 0.0337792 140.158
630 8.4 0.0508 31.7 0.00580776 125.856
10000 3 0.3048 71.3 0.00425727 110.224
2500 0 0.3048 31.7 0.00331266 120.755
3150 4.2 0.0508 39.6 0.00152689 133.587
630 15.6 0.1016 71.3 0.0437259 122.288
630 0 0.2286 55.5 0.00229336 126.16
315 9.9 0.1524 31.7 0.0252785 128.809
400 7.3 0.2286 55.5 0.0111706 135.924
315 0 0.3048 39.6 0.00310138 122.779
1250 3 0.3048 31.7 0.00529514 124.838
3150 15.4 0.0508 71.3 0.0264269 125.715
630 3 0.3048 55.5 0.00452492 129.569
2000 22.2 0.0254 71.3 0.0214178 127.197
1250 5.4 0.1524 31.7 0.00525474 123.991
2500 9.9 0.1524 55.5 0.0208438 118.365
800 5.4 0.1524 71.3 0.00401199 131.281
315 0 0.2286 31.7 0.0027238 120.595
4000 2 0.2286 55.5 0.00313525 122.232
2500 2 0.2286 31.7 0.00372371 121.407
2000 12.3 0.1016 31.7 0.0418756 110.447
2000 4 0.3048 71.3 0.00497773 124.395
1000 8.4 0.0508 55.5 0.00544854 130.722
5000 3 0.3048 55.5 0.00452492 117.309
3150 15.4 0.0508 55.5 0.0271925 123.46
200 15.4 0.0508 31.7 0.0289853 119.975
3150 5.4 0.1524 39.6 0.00485029 119.137
630 6.7 0.1016 31.7 0.00592927 132.116
8000 4 0.2286 55.5 0.0042862 112.524
1250 17.4 0.0254 55.5 0.0165706 129.301
1000 15.4 0.0508 31.7 0.0289853 124.525
20000 4.8 0.0254 55.5 0.000873218 121.284
1000 12.3 0.1016 31.7 0.0418756 119.777
500 0 0.1524 55.5 0.00172668 120.573
16000 1.5 0.3048 71.3 0.00336729 106.582
1600 0 0.1524 39.6 0.00193287 131.013
8000 0 0.1016 71.3 0.00121072 125.465
800 2 0.2286 55.5 0.00313525 128.492
12500 0 0.0254 39.6 0.000428464 129.116
4000 0 0.1016 39.6 0.00146332 127.801
500 7.3 0.2286 31.7 0.0132672 128.169
5000 9.5 0.0254 55.5 0.0043284 128.412
800 1.5 0.3048 71.3 0.00336729 127.122
5000 8.9 0.1016 71.3 0.0103088 116.723
3150 1.5 0.3048 39.6 0.00392107 119.111
250 15.6 0.1016 71.3 0.0437259 132.158
4000 0 0.1524 39.6 0.00193287 125.343
5000 9.9 0.1524 55.5 0.0208438 112.065
2000 8.4 0.0508 39.6 0.00566229 129.965
6300 17.4 0.0254 71.3 0.016104 119.916
800 0 0.1524 71.3 0.0015988 125.817
800 6.7 0.1016 71.3 0.00478288 134.478
2500 12.3 0.1016 71.3 0.0337792 121.318
400 2 0.2286 39.6 0.00346574 122.147
500 0 0.1524 31.7 0.00209405 121.617
3150 0 0.1016 31.7 0.00150092 129.973
5000 12.6 0.1524 71.3 0.0483159 108.034
1000 8.9 0.1016 39.6 0.0124596 129.58
4000 17.4 0.0254 39.6 0.0172206 122.724
3150 7.3 0.2286 71.3 0.0104404 120.458
630 15.4 0.0508 31.7 0.0289853 124.685
1000 4.8 0.0254 31.7 0.000930789 125.348
4000 0 0.1016 71.3 0.00121072 130.935
8000 4 0.3048 71.3 0.00497773 113.665
800 5.4 0.1524 31.7 0.00525474 131.491
3150 3 0.3048 31.7 0.00529514 118.108
1250 7.2 0.1524 71.3 0.00752039 132.513
630 15.4 0.0508 71.3 0.0264269 129.645
5000 4.8 0.0254 55.5 0.000873218 135.484
4000 8.4 0.0508 71.3 0.00529514 126.926
400 12.3 0.1016 31.7 0.0418756 123.207
10000 2 0.2286 71.3 0.00293031 113.086
1600 11.2 0.0508 71.3 0.014072 135.191
2000 3.3 0.1016 39.6 0.00245138 132.301
5000 0 0.1524 31.7 0.00209405 122.397
2000 9.5 0.0254 39.6 0.00449821 131.274
200 7.3 0.2286 39.6 0.0123481 130.989
2500 5.3 0.2286 39.6 0.00614329 116.151
200 9.5 0.0254 31.7 0.00461377 119.146
1250 4 0.2286 55.5 0.0042862 131.264
1600 15.4 0.0508 39.6 0.0282593 124.843
4000 12.7 0.0254 71.3 0.0121808 131.808
1000 12.6 0.1524 39.6 0.0584113 114.67
1600 7.3 0.2286 55.5 0.0111706 123.354
16000 2.7 0.1524 71.3 0.00243851 110.364
6300 0 0.1016 39.6 0.00146332 125.631
500 19.7 0.0508 71.3 0.0341183 126.995
1600 6.7 0.1016 39.6 0.00578076 127.375
800 19.7 0.0508 39.6 0.036484 119.174
2000 12.7 0.0254 71.3 0.0121808 134.228
500 9.9 0.1524 55.5 0.0208438 127.815
500 5.4 0.1524 71.3 0.00401199 126.291
2000 0 0.2286 31.7 0.0027238 123.455
4000 5.4 0.1524 31.7 0.00525474 116.181
250 12.6 0.1524 71.3 0.0483159 129.744
2500 12.7 0.0254 39.6 0.0130253 129.027
800 6.7 0.1016 31.7 0.00592927 132.886
250 7.3 0.2286 55.5 0.0111706 136.384
1000 9.9 0.1524 39.6 0.0233328 123.835
315 17.4 0.0254 31.7 0.0176631 118.416
1000 0 0.2286 55.5 0.00229336 128.29
400 8.9 0.1016 71.3 0.0103088 138.123
1000 9.5 0.0254 39.6 0.00449821 130.374
1250 12.3 0.1016 71.3 0.0337792 126.648
16000 0 0.2286 71.3 0.00214345 114.984
500 12.7 0.0254 71.3 0.0121808 126.898
4000 8.9 0.1016 71.3 0.0103088 120.243
1000 6.7 0.1016 39.6 0.00578076 134.515
2500 11.2 0.0508 71.3 0.014072 130.541
3150 2 0.2286 55.5 0.00313525 123.742
250 0 0.3048 39.6 0.00310138 119.319
630 0 0.1524 55.5 0.00172668 123.583
800 12.3 0.1016 31.7 0.0418756 120.037
2000 12.3 0.1016 71.3 0.0337792 122.218
2000 9.9 0.1524 71.3 0.0193001 120.779
1600 9.5 0.0254 39.6 0.00449821 131.184
800 4 0.2286 55.5 0.0042862 131.864
1250 7.3 0.2286 39.6 0.0123481 123.189
8000 3.3 0.1016 71.3 0.00202822 121.234
1000 2 0.2286 31.7 0.00372371 130.307
8000 3 0.3048 55.5 0.00452492 113.799
8000 3.3 0.1016 39.6 0.00245138 118.091
10000 4.2 0.0508 71.3 0.00142788 121.238
1250 9.9 0.1524 55.5 0.0208438 121.635
250 12.6 0.1524 39.6 0.0584113 115.89
1000 9.9 0.1524 55.5 0.0208438 124.665
1000 2 0.2286 55.5 0.00313525 129.002
1600 6.7 0.1016 71.3 0.00478288 136.678
1250 7.3 0.2286 31.7 0.0132672 120.509
1000 12.6 0.1524 71.3 0.0483159 122.044
2000 19.7 0.0508 39.6 0.036484 117.724
2000 0 0.3048 55.5 0.00283081 126.616
6300 7.3 0.2286 39.6 0.0123481 110.839
6300 9.5 0.0254 71.3 0.00420654 127.246
1250 3 0.3048 55.5 0.00452492 127.329
2500 4 0.2286 55.5 0.0042862 122.384
6300 4.8 0.0254 39.6 0.000907475 134.336
400 11.2 0.0508 39.6 0.0150478 130.67
4000 15.4 0.0508 55.5 0.0271925 120.92
3150 7.2 0.1524 39.6 0.00909175 111.818
2500 17.4 0.0254 55.5 0.0165706 124.931
3150 0 0.0254 55.5 0.00041229 130.503
10000 0 0.2286 71.3 0.00214345 118.134
12500 0 0.3048 55.5 0.00283081 111.076
1600 4 0.3048 71.3 0.00497773 126.645
4000 3.3 0.1016 39.6 0.00245138 124.881
1600 1.5 0.3048 39.6 0.00392107 122.211
1600 5.4 0.1524 55.5 0.00433288 130.567
630 4 0.2286 55.5 0.0042862 129.964
800 6.7 0.1016 39.6 0.00578076 134.625
6300 0 0.1016 55.5 0.00131983 127.73
2500 7.3 0.2286 55.5 0.0111706 118.994
3150 5.4 0.1524 31.7 0.00525474 118.291
500 0 0.3048 31.7 0.00331266 127.315
630 2 0.2286 31.7 0.00372371 129.057
500 6.7 0.1016 31.7 0.00592927 130.206
315 2 0.2286 39.6 0.00346574 120.137
800 0 0.0508 31.7 0.000812164 122.79
800 12.6 0.1524 71.3 0.0483159 123.054
3150 2 0.2286 71.3 0.00293031 126.116
1000 8.4 0.0508 31.7 0.00580776 129.516
5000 3 0.3048 31.7 0.00529514 113.858
400 7.2 0.1524 39.6 0.00909175 132.118
250 9.9 0.1524 55.5 0.0208438 133.235
8000 0 0.0508 55.5 0.00076193 130.156
2000 12.3 0.1016 55.5 0.0368233 118.564
5000 0 0.0254 39.6 0.000428464 136.536
1250 15.4 0.0508 71.3 0.0264269 130.845
8000 0 0.0254 31.7 0.000439472 137.207
5000 4.2 0.0508 39.6 0.00152689 129.777
4000 9.5 0.0254 31.7 0.00461377 126.736
1000 5.4 0.1524 31.7 0.00525474 128.241
200 11.2 0.0508 71.3 0.014072 125.941
10000 0 0.1016 71.3 0.00121072 123.305
1250 15.4 0.0508 31.7 0.0289853 123.255
2000 17.4 0.0254 31.7 0.0176631 124.356
3150 3.3 0.1016 55.5 0.002211 130.629
2000 3 0.3048 71.3 0.00425727 125.524
16000 0 0.0254 31.7 0.000439472 125.627
250 12.3 0.1016 71.3 0.0337792 131.568
400 17.4 0.0254 55.5 0.0165706 115.461
8000 22.2 0.0254 71.3 0.0214178 121.657
630 2 0.2286 39.6 0.00346574 127.417
630 3 0.3048 71.3 0.00425727 129.354
2500 15.4 0.0508 55.5 0.0271925 125.63
3150 9.9 0.1524 31.7 0.0252785 112.209
2500 6.7 0.1016 71.3 0.00478288 131.458
5000 2 0.2286 55.5 0.00313525 120.472
2500 15.4 0.0508 31.7 0.0289853 119.945
6300 0 0.0508 71.3 0.000740478 133.04
630 9.9 0.1524 55.5 0.0208438 127.315
2500 9.5 0.0254 31.7 0.00461377 130.086
500 0 0.2286 39.6 0.00253511 126.195
500 4 0.2286 39.6 0.00473801 127.039
5000 0 0.3048 31.7 0.00331266 115.645
2000 0 0.0254 55.5 0.00041229 127.623
8000 5.3 0.2286 71.3 0.0051942 114.9
1600 12.7 0.0254 39.6 0.0130253 129.977
1000 3.3 0.1016 31.7 0.00251435 133.012
500 5.4 0.1524 55.5 0.00433288 129.367
800 0 0.3048 55.5 0.00283081 128.086
500 7.3 0.2286 55.5 0.0111706 133.174
3150 5.4 0.1524 55.5 0.00433288 121.587
1000 0 0.1524 31.7 0.00209405 130.987
3150 0 0.1524 55.5 0.00172668 127.753
800 9.5 0.0254 55.5 0.0043284 128.082
1600 4 0.2286 71.3 0.00400603 129.468
400 11.2 0.0508 71.3 0.014072 129.281
1000 5.4 0.1524 39.6 0.00485029 130.507
2000 15.4 0.0508 71.3 0.0264269 129.285
8000 0 0.0508 31.7 0.000812164 126.59
5000 0 0.0254 31.7 0.000439472 138.607
630 8.4 0.0508 55.5 0.00544854 126.152
315 4 0.3048 71.3 0.00497773 128.175
1000 0 0.0508 55.5 0.00076193 125.586
1000 4 0.2286 71.3 0.00400603 131.708
2500 4 0.2286 39.6 0.00473801 119.649
2000 2 0.2286 55.5 0.00313525 124.612
1250 6.7 0.1016 39.6 0.00578076 132.395
630 8.4 0.0508 39.6 0.00566229 126.045
200 12.3 0.1016 55.5 0.0368233 132.304
5000 0 0.1016 55.5 0.00131983 128.36
6300 8.9 0.1016 39.6 0.0124596 113.11
400 12.7 0.0254 71.3 0.0121808 125.048
5000 0 0.0508 55.5 0.00076193 134.556
2500 17.4 0.0254 31.7 0.0176631 124.166
630 9.5 0.0254 31.7 0.00461377 129.006
3150 0 0.3048 71.3 0.00266337 125.201
8000 1.5 0.3048 71.3 0.00336729 115.372
315 7.2 0.1524 39.6 0.00909175 130.558
400 17.4 0.0254 71.3 0.016104 117.396
200 17.4 0.0254 31.7 0.0176631 116.146
400 7.3 0.2286 39.6 0.0123481 132.039
5000 3.3 0.1016 55.5 0.002211 124.839
630 0 0.2286 31.7 0.0027238 129.465
3150 0 0.1524 71.3 0.0015988 129.377
1250 5.4 0.1524 55.5 0.00433288 130.777
1600 2 0.2286 71.3 0.00293031 127.796
6300 12.6 0.1524 71.3 0.0483159 107.284
315 9.9 0.1524 55.5 0.0208438 132.355
8000 4.8 0.0254 39.6 0.000907475 131.346
800 8.9 0.1016 71.3 0.0103088 137.813
10000 4.8 0.0254 71.3 0.000848633 127.398
1600 6.7 0.1016 31.7 0.00592927 124.346
5000 12.3 0.1016 55.5 0.0368233 112.014
16000 4.8 0.0254 71.3 0.000848633 124.208
8000 3.3 0.1016 31.7 0.00251435 117.432
1250 8.4 0.0508 55.5 0.00544854 132.252
6300 5.4 0.1524 39.6 0.00485029 116.677
400 7.3 0.2286 31.7 0.0132672 130.269
2000 5.3 0.2286 71.3 0.0051942 125.89
500 8.9 0.1016 39.6 0.0124596 133.79
2000 6.7 0.1016 71.3 0.00478288 134.568
315 3 0.3048 39.6 0.00495741 123.312
2500 0 0.0508 71.3 0.000740478 131.31
3150 0 0.3048 39.6 0.00310138 120.319
200 8.9 0.1016 39.6 0.0124596 133.42
4000 9.5 0.0254 39.6 0.00449821 127.864
2000 15.4 0.0508 39.6 0.0282593 123.443
315 7.3 0.2286 31.7 0.0132672 130.239
1600 2 0.2286 31.7 0.00372371 125.797
8000 0 0.1016 39.6 0.00146332 122.341
800 3.3 0.1016 71.3 0.00202822 131.074
6300 4 0.2286 71.3 0.00400603 118.618
8000 0 0.1524 55.5 0.00172668 121.903
1250 12.3 0.1016 31.7 0.0418756 118.767
4000 17.4 0.0254 71.3 0.016104 125.586
500 12.6 0.1524 71.3 0.0483159 121.664
1000 5.3 0.2286 71.3 0.0051942 134
6300 0 0.2286 55.5 0.00229336 118.41
1600 8.4 0.0508 71.3 0.00529514 133.846
12500 0 0.1524 55.5 0.00172668 117.093
4000 0 0.0254 39.6 0.000428464 135.346
500 9.9 0.1524 31.7 0.0252785 127.179
800 5.4 0.1524 55.5 0.00433288 133.097
2500 4.8 0.0254 31.7 0.000930789 132.588
400 4 0.2286 31.7 0.00509068 126.149
800 5.4 0.1524 39.6 0.00485029 132.757
2000 0 0.2286 39.6 0.00253511 125.305
5000 0 0.1524 39.6 0.00193287 123.453
1600 3 0.3048 55.5 0.00452492 124.439
400 5.3 0.2286 39.6 0.00614329 131.221
4000 0 0.3048 71.3 0.00266337 123.061
12500 0 0.0508 55.5 0.00076193 125.376
3150 0 0.1016 55.5 0.00131983 131.78
630 7.3 0.2286 39.6 0.0123481 128.929
4000 9.9 0.1524 39.6 0.0233328 112.265
6300 0 0.1524 31.7 0.00209405 119.737
12500 2.7 0.1524 39.6 0.00294804 108.649
2500 9.9 0.1524 31.7 0.0252785 114.729
400 3 0.3048 55.5 0.00452492 126.159
2000 3.3 0.1016 31.7 0.00251435 131.642
250 17.4 0.0254 39.6 0.0172206 114.714
6300 4.2 0.0508 71.3 0.00142788 129.308
4000 22.2 0.0254 39.6 0.0229028 119.646
3150 3 0.3048 39.6 0.00495741 118.922
5000 8.9 0.1016 39.6 0.0124596 113.08
800 0 0.0508 71.3 0.000740478 130.96
200 19.7 0.0508 71.3 0.0341183 118.005
2500 15.6 0.1016 71.3 0.0437259 118.998
250 5.3 0.2286 39.6 0.00614329 127.011
1000 3 0.3048 71.3 0.00425727 129.004
630 22.2 0.0254 39.6 0.0229028 137.026
12500 4 0.3048 71.3 0.00497773 107.405
12500 0 0.1016 55.5 0.00131983 119.91
500 1.5 0.3048 39.6 0.00392107 126.661
800 9.5 0.0254 39.6 0.00449821 129.014
400 6.7 0.1016 31.7 0.00592927 128.296
8000 3.3 0.1016 55.5 0.002211 120.569
5000 0 0.3048 39.6 0.00310138 117.789
2500 15.6 0.1016 39.6 0.0528487 110.264
200 17.4 0.0254 71.3 0.016104 112.506
315 12.7 0.0254 39.6 0.0130253 123.537
1250 3.3 0.1016 55.5 0.002211 132.769
6300 0 0.1524 71.3 0.0015988 125.427
12500 4 0.2286 71.3 0.00400603 114.258
2500 7.2 0.1524 71.3 0.00752039 124.353
2000 12.7 0.0254 39.6 0.0130253 129.567
4000 2.7 0.1524 71.3 0.00243851 126.534
315 15.4 0.0508 39.6 0.0282593 124.493
1000 0 0.2286 31.7 0.0027238 130.595
800 0 0.1524 39.6 0.00193287 127.903
5000 5.4 0.1524 71.3 0.00401199 120.061
200 0 0.3048 39.6 0.00310138 118.129
500 17.4 0.0254 31.7 0.0176631 127.676
10000 1.5 0.3048 71.3 0.00336729 113.492
5000 3.3 0.1016 31.7 0.00251435 122.082
1250 5.4 0.1524 71.3 0.00401199 134.111
6300 15.6 0.1016 39.6 0.0528487 104.204
8000 17.4 0.0254 71.3 0.016104 115.466
5000 8.4 0.0508 71.3 0.00529514 121.146
1000 12.7 0.0254 39.6 0.0130253 130.947
2500 8.9 0.1016 71.3 0.0103088 123.623
3150 11.2 0.0508 39.6 0.0150478 119.67
400 17.4 0.0254 31.7 0.0176631 120.766
500 9.5 0.0254 39.6 0.00449821 123.894
500 7.3 0.2286 39.6 0.0123481 130.299
2500 4.8 0.0254 39.6 0.000907475 131.236
400 5.4 0.1524 31.7 0.00525474 127.781
250 15.4 0.0508 71.3 0.0264269 124.835
12500 0 0.2286 71.3 0.00214345 117.624
3150 0 0.2286 39.6 0.00253511 124.625
200 15.4 0.0508 39.6 0.0282593 121.783
5000 7.3 0.2286 71.3 0.0104404 115.298
5000 9.5 0.0254 31.7 0.00461377 124.426
500 3 0.3048 39.6 0.00495741 127.632
10000 0 0.0254 31.7 0.000439472 134.227
2500 3.3 0.1016 71.3 0.00202822 133.894
3150 2.7 0.1524 39.6 0.00294804 122.919
5000 7.3 0.2286 31.7 0.0132672 111.029
16000 4 0.2286 71.3 0.00400603 112.768
400 15.6 0.1016 71.3 0.0437259 134.058
1600 4 0.2286 31.7 0.00509068 125.229
630 7.3 0.2286 31.7 0.0132672 126.189
1600 0 0.3048 71.3 0.00266337 127.591
400 5.4 0.1524 55.5 0.00433288 126.807
500 17.4 0.0254 39.6 0.0172206 117.514
400 17.4 0.0254 39.6 0.0172206 115.444
3150 17.4 0.0254 31.7 0.0176631 123.466
6300 7.2 0.1524 71.3 0.00752039 116.603
10000 0 0.1016 31.7 0.00150092 115.893
5000 5.4 0.1524 31.7 0.00525474 115.691
1600 3 0.3048 71.3 0.00425727 126.514
1600 17.4 0.0254 39.6 0.0172206 127.614
6300 12.3 0.1016 39.6 0.0408268 107.985
500 2 0.2286 55.5 0.00313525 124.692
2500 8.4 0.0508 39.6 0.00566229 127.465
2500 1.5 0.3048 71.3 0.00336729 124.512
4000 11.2 0.0508 39.6 0.0150478 115.52
1600 0 0.2286 31.7 0.0027238 125.625
400 3 0.3048 71.3 0.00425727 127.564
5000 2.7 0.1524 39.6 0.00294804 121.499
12500 2.7 0.1524 71.3 0.00243851 113.034
1600 3.3 0.1016 71.3 0.00202822 133.664
1600 9.5 0.0254 31.7 0.00461377 131.036
2000 2 0.2286 31.7 0.00372371 123.037
630 11.2 0.0508 71.3 0.014072 133.611
5000 4 0.2286 31.7 0.00509068 115.969
12500 0 0.0254 55.5 0.00041229 131.453
6300 9.5 0.0254 55.5 0.0043284 124.222
1600 12.3 0.1016 31.7 0.0418756 114.477
4000 8.4 0.0508 39.6 0.00566229 118.955
8000 0 0.0254 39.6 0.000428464 135.866
630 8.9 0.1016 39.6 0.0124596 131.92
400 9.9 0.1524 55.5 0.0208438 131.605
200 12.6 0.1524 71.3 0.0483159 128.354
1600 5.4 0.1524 71.3 0.00401199 133.241
6300 0 0.3048 71.3 0.00266337 119.541
200 15.6 0.1016 71.3 0.0437259 130.898
6300 0 0.3048 31.7 0.00331266 113.775
8000 0 0.3048 39.6 0.00310138 114.779
5000 0 0.1016 39.6 0.00146332 126.021
6300 3.3 0.1016 39.6 0.00245138 120.851
2000 17.4 0.0254 55.5 0.0165706 125.261
4000 0 0.2286 71.3 0.00214345 125.824
8000 15.4 0.0508 71.3 0.0264269 112.675
4000 11.2 0.0508 71.3 0.014072 122.471
2500 2 0.2286 39.6 0.00346574 121.397
200 15.4 0.0508 71.3 0.0264269 123.595
800 17.4 0.0254 31.7 0.0176631 139.226
4000 9.9 0.1524 55.5 0.0208438 112.945
2000 4.8 0.0254 71.3 0.000848633 128.398
250 4 0.3048 39.6 0.00579636 123.543
6300 4.8 0.0254 71.3 0.000848633 134.498
4000 0 0.2286 55.5 0.00229336 123.41
630 7.3 0.2286 55.5 0.0111706 130.934
5000 4.8 0.0254 31.7 0.000930789 135.248
630 5.4 0.1524 31.7 0.00525474 131.471
800 0 0.1524 31.7 0.00209405 129.117
315 1.5 0.3048 39.6 0.00392107 121.851
1000 15.6 0.1016 39.6 0.0528487 119.224
500 22.2 0.0254 71.3 0.0214178 117.967
2000 8.4 0.0508 31.7 0.00580776 127.686
1000 22.2 0.0254 71.3 0.0214178 134.247
500 8.4 0.0508 31.7 0.00580776 122.966
2000 0 0.3048 39.6 0.00310138 123.689
1600 9.9 0.1524 39.6 0.0233328 118.545
3150 2.7 0.1524 71.3 0.00243851 127.054
250 19.7 0.0508 71.3 0.0341183 119.115
630 12.3 0.1016 71.3 0.0337792 135.368
5000 22.2 0.0254 71.3 0.0214178 125.727
2500 0 0.2286 39.6 0.00253511 125.025
2500 4 0.2286 71.3 0.00400603 124.338
800 9.9 0.1524 39.6 0.0233328 126.345
3150 3.3 0.1016 71.3 0.00202822 132.114
1250 0 0.0508 55.5 0.00076193 127.076
10000 3.3 0.1016 71.3 0.00202822 116.694
630 0 0.1016 71.3 0.00121072 124.155
1600 2.7 0.1524 39.6 0.00294804 130.049
2000 7.3 0.2286 71.3 0.0104404 122.708
6300 0 0.0254 31.7 0.000439472 138.537
2000 3 0.3048 39.6 0.00495741 120.532
4000 12.3 0.1016 31.7 0.0418756 108.407
10000 4 0.2286 71.3 0.00400603 113.108
10000 7.2 0.1524 71.3 0.00752039 110.313
630 4.8 0.0254 31.7 0.000930789 120.078
1600 7.3 0.2286 31.7 0.0132672 119.039
400 0 0.3048 31.7 0.00331266 125.045
1000 8.4 0.0508 71.3 0.00529514 129.946
2500 8.4 0.0508 31.7 0.00580776 125.576
500 7.2 0.1524 39.6 0.00909175 132.658
500 8.9 0.1016 71.3 0.0103088 138.523
6300 9.9 0.1524 31.7 0.0252785 108.689
630 9.5 0.0254 39.6 0.00449821 126.514
630 3 0.3048 31.7 0.00529514 128.698
6300 0 0.1016 31.7 0.00150092 124.253
4000 12.3 0.1016 39.6 0.0408268 110.905
630 0 0.2286 39.6 0.00253511 128.705
315 17.4 0.0254 71.3 0.016104 115.846
3150 12.7 0.0254 39.6 0.0130253 127.847
2500 0 0.0254 71.3 0.000400682 133.707
2500 3.3 0.1016 55.5 0.002211 132.889
5000 15.4 0.0508 31.7 0.0289853 112.355
1000 9.5 0.0254 55.5 0.0043284 130.332
4000 4.8 0.0254 31.7 0.000930789 135.328
1250 15.6 0.1016 71.3 0.0437259 123.178
200 12.6 0.1524 39.6 0.0584113 114.75
2500 4 0.2286 31.7 0.00509068 120.209
5000 0 0.0254 71.3 0.000400682 136.837
1250 11.2 0.0508 71.3 0.014072 136.191
1250 4.2 0.0508 39.6 0.00152689 128.427
2000 12.6 0.1524 39.6 0.0584113 109.52
1250 0 0.1524 31.7 0.00209405 131.467
400 0 0.2286 31.7 0.0027238 123.635
200 9.9 0.1524 31.7 0.0252785 127.299
3150 12.7 0.0254 71.3 0.0121808 133.758
4000 1.5 0.3048 71.3 0.00336729 121.762
630 15.6 0.1016 39.6 0.0528487 118.084
1600 0 0.2286 55.5 0.00229336 126.79
400 12.7 0.0254 39.6 0.0130253 125.527
2000 8.9 0.1016 71.3 0.0103088 124.233
500 0 0.3048 55.5 0.00283081 126.416
8000 2.7 0.1524 39.6 0.00294804 116.659
5000 0 0.1016 71.3 0.00121072 130.795
500 5.3 0.2286 39.6 0.00614329 132.251
1000 0 0.0254 31.7 0.000439472 125.127
315 7.3 0.2286 71.3 0.0104404 139.808
6300 4.8 0.0254 55.5 0.000873218 135.164
4000 5.4 0.1524 39.6 0.00485029 117.137
6300 3.3 0.1016 71.3 0.00202822 124.904
8000 4.8 0.0254 31.7 0.000930789 127.008
800 0 0.3048 39.6 0.00310138 129.099
6300 12.7 0.0254 39.6 0.0130253 123.177
5000 0 0.2286 39.6 0.00253511 122.175
2500 8.4 0.0508 71.3 0.00529514 134.226
315 17.4 0.0254 39.6 0.0172206 115.144
500 15.4 0.0508 71.3 0.0264269 127.285
12500 4.2 0.0508 71.3 0.00142788 117.328
4000 3 0.3048 71.3 0.00425727 120.264
5000 3.3 0.1016 71.3 0.00202822 127.054
1600 15.6 0.1016 71.3 0.0437259 121.528
1250 17.4 0.0254 31.7 0.0176631 128.306
800 17.4 0.0254 39.6 0.0172206 135.324
3150 0 0.0508 55.5 0.00076193 134.826
10000 0 0.0508 71.3 0.000740478 128.74
12500 0 0.0254 71.3 0.000400682 133.207
1250 9.5 0.0254 71.3 0.00420654 131.656
2000 0 0.0508 39.6 0.000791822 132.918
6300 1.5 0.3048 39.6 0.00392107 114.751
1600 0 0.3048 39.6 0.00310138 124.049
400 15.4 0.0508 31.7 0.0289853 123.705
2500 0 0.0508 39.6 0.000791822 134.938
2000 0 0.1016 55.5 0.00131983 132.54
630 2.7 0.1524 71.3 0.00243851 127.404
8000 2 0.2286 71.3 0.00293031 115.996
4000 0 0.0254 55.5 0.00041229 133.223
1250 9.5 0.0254 31.7 0.00461377 131.446
1000 9.5 0.0254 31.7 0.00461377 131.346
8000 0 0.0508 39.6 0.000791822 128.518
800 0 0.1016 39.6 0.00146332 128.401
315 2 0.2286 31.7 0.00372371 120.147
2500 0 0.0254 31.7 0.000439472 132.897
315 15.4 0.0508 55.5 0.0271925 125.39
2000 4.2 0.0508 71.3 0.00142788 129.848
2000 4.8 0.0254 31.7 0.000930789 130.148
630 7.2 0.1524 39.6 0.00909175 133.198
2500 2 0.2286 71.3 0.00293031 127.006
1250 0 0.2286 39.6 0.00253511 129.395
800 4.8 0.0254 31.7 0.000930789 122.648
1600 7.2 0.1524 71.3 0.00752039 130.893
3150 0 0.0508 31.7 0.000812164 135.49
5000 9.9 0.1524 31.7 0.0252785 109.949
800 11.2 0.0508 39.6 0.0150478 133.79
10000 1.5 0.3048 39.6 0.00392107 108.991
3150 0 0.1016 71.3 0.00121072 131.955
5000 8.4 0.0508 55.5 0.00544854 115.812
5000 0 0.0254 55.5 0.00041229 135.803
1250 6.7 0.1016 55.5 0.0052139 136.883
5000 5.3 0.2286 71.3 0.0051942 118.05
5000 3 0.3048 71.3 0.00425727 118.134
1250 4.8 0.0254 31.7 0.000930789 127.408
800 5.3 0.2286 39.6 0.00614329 129.491
20000 4 0.2286 71.3 0.00400603 109.638
2000 6.7 0.1016 55.5 0.0052139 129.653
1250 8.9 0.1016 71.3 0.0103088 132.793
2000 15.4 0.0508 31.7 0.0289853 120.835
800 8.4 0.0508 31.7 0.00580776 128.246
3150 9.9 0.1524 55.5 0.0208438 115.085
1250 9.9 0.1524 71.3 0.0193001 122.679
315 6.7 0.1016 31.7 0.00592927 126.266
500 5.4 0.1524 39.6 0.00485029 129.937
1600 9.5 0.0254 55.5 0.0043284 133.062
1000 0 0.3048 71.3 0.00266337 125.201
4000 0 0.0508 55.5 0.00076193 134.946
2000 15.6 0.1016 39.6 0.0528487 110.894
2000 4.2 0.0508 39.6 0.00152689 132.587
800 9.5 0.0254 71.3 0.00420654 127.206
4000 15.4 0.0508 39.6 0.0282593 118.113
4000 5.4 0.1524 71.3 0.00401199 121.431
5000 12.3 0.1016 31.7 0.0418756 107.147
3150 3 0.3048 55.5 0.00452492 120.189
1000 7.3 0.2286 71.3 0.0104404 126.838
500 2 0.2286 71.3 0.00293031 126.486
1600 12.6 0.1524 71.3 0.0483159 120.534
250 9.9 0.1524 39.6 0.0233328 128.335
315 0 0.3048 31.7 0.00331266 122.765
400 0 0.2286 39.6 0.00253511 123.565
6300 17.4 0.0254 55.5 0.0165706 114.861
2500 12.3 0.1016 31.7 0.0418756 110.317
500 9.5 0.0254 55.5 0.0043284 123.082
1600 0 0.1016 55.5 0.00131983 132.05
800 15.6 0.1016 71.3 0.0437259 124.188
630 19.7 0.0508 39.6 0.036484 120.324
1600 7.3 0.2286 71.3 0.0104404 125.728
800 4 0.3048 71.3 0.00497773 131.755
1250 12.3 0.1016 39.6 0.0408268 121.165
250 7.3 0.2286 39.6 0.0123481 131.889
315 7.2 0.1524 71.3 0.00752039 128.713
1000 15.4 0.0508 39.6 0.0282593 127.893
2000 0 0.1524 39.6 0.00193287 129.633
2000 0 0.3048 31.7 0.00331266 122.375
2000 4 0.2286 71.3 0.00400603 126.218
1600 11.2 0.0508 39.6 0.0150478 126.54
800 17.4 0.0254 55.5 0.0165706 123.091
3150 17.4 0.0254 39.6 0.0172206 123.564
4000 4.8 0.0254 55.5 0.000873218 133.924
5000 4.8 0.0254 71.3 0.000848633 135.468
8000 4.2 0.0508 71.3 0.00142788 125.268
500 6.7 0.1016 55.5 0.0052139 129.343
500 0 0.1524 39.6 0.00193287 119.513
1250 1.5 0.3048 39.6 0.00392107 125.211
8000 0 0.3048 55.5 0.00283081 116.476
400 15.4 0.0508 55.5 0.0271925 126.5
10000 0 0.3048 31.7 0.00331266 108.265
1600 0 0.1016 31.7 0.00150092 133.553
5000 9.9 0.1524 71.3 0.0193001 114.569
3150 7.3 0.2286 31.7 0.0132672 113.229
5000 17.4 0.0254 31.7 0.0176631 117.996
800 4 0.2286 71.3 0.00400603 130.688
6300 0 0.1524 39.6 0.00193287 121.313
500 15.6 0.1016 71.3 0.0437259 130.638
315 15.6 0.1016 71.3 0.0437259 133.808
800 12.3 0.1016 71.3 0.0337792 127.318
2500 0 0.0254 39.6 0.000428464 131.836
4000 15.6 0.1016 39.6 0.0528487 106.604
315 19.7 0.0508 71.3 0.0341183 121.235
6300 0 0.2286 71.3 0.00214345 122.044
1000 3.3 0.1016 71.3 0.00202822 131.434
2000 8.4 0.0508 55.5 0.00544854 133.042
630 6.7 0.1016 39.6 0.00578076 133.355
1250 12.7 0.0254 71.3 0.0121808 133.048
800 2 0.2286 71.3 0.00293031 128.216
1600 15.4 0.0508 31.7 0.0289853 121.485
500 12.3 0.1016 55.5 0.0368233 133.774
500 15.6 0.1016 39.6 0.0528487 115.304
2500 15.4 0.0508 39.6 0.0282593 122.413
1600 12.3 0.1016 71.3 0.0337792 124.748
3150 0 0.0254 39.6 0.000428464 133.276
630 6.7 0.1016 71.3 0.00478288 131.448
5000 0 0.2286 71.3 0.00214345 124.304
400 7.3 0.2286 71.3 0.0104404 139.438
6300 7.2 0.1524 39.6 0.00909175 112.688
6300 0 0.0254 55.5 0.00041229 136.103
2500 0 0.1016 31.7 0.00150092 132.003
200 11.2 0.0508 39.6 0.0150478 125.01
4000 3 0.3048 31.7 0.00529514 115.608
6300 12.3 0.1016 71.3 0.0337792 113.958
4000 2 0.2286 71.3 0.00293031 124.086
800 12.3 0.1016 55.5 0.0368233 125.114
1000 5.4 0.1524 55.5 0.00433288 132.127
1250 2.7 0.1524 39.6 0.00294804 130.829
3150 17.4 0.0254 55.5 0.0165706 124.101
1250 12.7 0.0254 39.6 0.0130253 130.777
8000 7.2 0.1524 71.3 0.00752039 113.333
1600 4.8 0.0254 55.5 0.000873218 121.474
800 2 0.2286 39.6 0.00346574 129.037
200 7.3 0.2286 71.3 0.0104404 138.758
250 12.3 0.1016 55.5 0.0368233 133.294
2500 3.3 0.1016 31.7 0.00251435 130.392
1600 1.5 0.3048 71.3 0.00336729 126.632
5000 1.5 0.3048 39.6 0.00392107 116.241
250 15.4 0.0508 55.5 0.0271925 124.17
4000 8.9 0.1016 39.6 0.0124596 116.22
3150 12.6 0.1524 71.3 0.0483159 113.334
500 11.2 0.0508 39.6 0.0150478 131.96
1600 3 0.3048 31.7 0.00529514 122.088
1600 5.4 0.1524 31.7 0.00525474 123.761
1600 0 0.1524 55.5 0.00172668 130.183
250 7.2 0.1524 39.6 0.00909175 127.488
6300 9.9 0.1524 39.6 0.0233328 109.885
2000 4.8 0.0254 39.6 0.000907475 128.916
630 4 0.2286 31.7 0.00509068 130.349
6300 8.9 0.1016 71.3 0.0103088 117.253
500 2 0.2286 31.7 0.00372371 126.677
6300 0 0.1524 55.5 0.00172668 123.303
1000 0 0.3048 55.5 0.00283081 126.966
8000 0 0.1524 39.6 0.00193287 120.553
250 22.2 0.0254 39.6 0.0229028 117.386
500 5.3 0.2286 71.3 0.0051942 129.88
5000 2 0.2286 71.3 0.00293031 122.816
5000 2 0.2286 39.6 0.00346574 118.827
6300 5.3 0.2286 71.3 0.0051942 116.92
6300 0 0.3048 55.5 0.00283081 117.976
630 12.3 0.1016 55.5 0.0368233 124.244
1600 12.3 0.1016 55.5 0.0368233 121.824
1000 4 0.3048 71.3 0.00497773 131.015
2000 9.5 0.0254 31.7 0.00461377 130.496
315 5.4 0.1524 39.6 0.00485029 125.347
1250 9.9 0.1524 31.7 0.0252785 118.619
3150 22.2 0.0254 39.6 0.0229028 120.856
3150 4 0.3048 39.6 0.00579636 118.743
10000 0 0.3048 71.3 0.00266337 115.391
1000 7.2 0.1524 39.6 0.00909175 128.338
8000 4 0.2286 71.3 0.00400603 112.848
630 9.5 0.0254 55.5 0.0043284 125.452
10000 0 0.1524 71.3 0.0015988 120.247
10000 0 0.0508 39.6 0.000791822 125.998
12500 0 0.3048 39.6 0.00310138 109.619
1600 19.7 0.0508 71.3 0.0341183 120.575
500 4 0.3048 39.6 0.00579636 130.173
20000 0 0.2286 71.3 0.00214345 114.474
1600 15.4 0.0508 71.3 0.0264269 130.065
1250 2 0.2286 55.5 0.00313525 128.762
1600 4.8 0.0254 39.6 0.000907475 125.966
6300 0 0.0508 39.6 0.000791822 131.918
3150 4.8 0.0254 71.3 0.000848633 133.378
800 22.2 0.0254 71.3 0.0214178 123.227
1000 3.3 0.1016 55.5 0.002211 131.129
4000 0 0.1016 55.5 0.00131983 129.5
1000 3.3 0.1016 39.6 0.00245138 131.971
1250 22.2 0.0254 39.6 0.0229028 126.446
2000 19.7 0.0508 71.3 0.0341183 120.055
10000 12.7 0.0254 71.3 0.0121808 114.418
630 4.8 0.0254 39.6 0.000907475 118.696
2000 4.8 0.0254 55.5 0.000873218 125.054
6300 5.4 0.1524 55.5 0.00433288 117.287
3150 0 0.1524 31.7 0.00209405 124.207
6300 5.4 0.1524 31.7 0.00525474 115.591
6300 4 0.2286 55.5 0.0042862 117.154
800 8.4 0.0508 39.6 0.00566229 128.435
630 7.2 0.1524 71.3 0.00752039 134.853
1000 7.3 0.2286 55.5 0.0111706 125.194
2500 0 0.0508 55.5 0.00076193 133.956
500 4 0.2286 55.5 0.0042862 127.314
400 9.9 0.1524 39.6 0.0233328 128.345
800 0 0.2286 55.5 0.00229336 127.53
315 5.4 0.1524 31.7 0.00525474 125.741
1600 6.7 0.1016 55.5 0.0052139 133.653
1000 12.7 0.0254 71.3 0.0121808 131.698
2000 9.9 0.1524 31.7 0.0252785 116.859
1250 2 0.2286 71.3 0.00293031 128.816
1600 22.2 0.0254 71.3 0.0214178 131.817
3150 4.8 0.0254 39.6 0.000907475 133.436
6300 4 0.2286 31.7 0.00509068 112.699
500 9.5 0.0254 31.7 0.00461377 126.886
1250 2 0.2286 31.7 0.00372371 128.677
2000 9.9 0.1524 39.6 0.0233328 117.925
1000 3 0.3048 31.7 0.00529514 126.838
200 19.7 0.0508 39.6 0.036484 125.974
2500 0 0.0508 31.7 0.000812164 134.87
1250 3.3 0.1016 31.7 0.00251435 134.022
1250 0 0.1016 39.6 0.00146332 132.271
3150 17.4 0.0254 71.3 0.016104 126.536
1000 0 0.3048 39.6 0.00310138 127.899
800 1.5 0.3048 39.6 0.00392107 128.831
16000 0 0.0254 71.3 0.000400682 130.477
250 17.4 0.0254 31.7 0.0176631 116.956
3150 8.4 0.0508 55.5 0.00544854 128.402
6300 9.5 0.0254 31.7 0.00461377 120.726
4000 5.3 0.2286 71.3 0.0051942 120.33
2000 4 0.2286 31.7 0.00509068 122.089
315 8.9 0.1016 39.6 0.0124596 135.38
1000 19.7 0.0508 71.3 0.0341183 121.885
2000 0 0.0508 31.7 0.000812164 133.01
800 7.3 0.2286 71.3 0.0104404 130.748
1250 15.4 0.0508 39.6 0.0282593 126.743
1250 1.5 0.3048 71.3 0.00336729 125.872
1600 0 0.3048 31.7 0.00331266 122.365
2000 6.7 0.1016 31.7 0.00592927 120.446
800 12.7 0.0254 71.3 0.0121808 130.348
1250 8.9 0.1016 39.6 0.0124596 127.71
1250 4 0.3048 71.3 0.00497773 129.395
3150 9.9 0.1524 39.6 0.0233328 113.525
1000 8.4 0.0508 39.6 0.00566229 130.195
1250 7.3 0.2286 55.5 0.0111706 125.724
8000 2.7 0.1524 71.3 0.00243851 120.534
4000 3 0.3048 39.6 0.00495741 116.792
8000 4.8 0.0254 55.5 0.000873218 132.184
2000 7.3 0.2286 31.7 0.0132672 115.309
12500 1.5 0.3048 71.3 0.00336729 109.222
6300 15.4 0.0508 55.5 0.0271925 112.93
16000 0 0.1524 71.3 0.0015988 113.297
2500 0 0.1524 31.7 0.00209405 125.867
800 9.9 0.1524 55.5 0.0208438 126.565
10000 4 0.3048 71.3 0.00497773 110.905
4000 12.6 0.1524 39.6 0.0584113 104.5
1250 5.3 0.2286 71.3 0.0051942 133.38
12500 0 0.0508 31.7 0.000812164 119.07
1250 8.4 0.0508 39.6 0.00566229 131.205
200 9.9 0.1524 55.5 0.0208438 131.955
2500 3 0.3048 71.3 0.00425727 124.024
315 4 0.3048 39.6 0.00579636 126.843
4000 12.3 0.1016 55.5 0.0368233 114.404
315 9.9 0.1524 39.6 0.0233328 128.595
500 12.7 0.0254 39.6 0.0130253 127.127
250 8.9 0.1016 39.6 0.0124596 134.34
2500 2.7 0.1524 71.3 0.00243851 128.334
10000 7.2 0.1524 39.6 0.00909175 110.868
800 19.7 0.0508 71.3 0.0341183 124.555
315 3 0.3048 31.7 0.00529514 123.118
10000 0 0.0254 55.5 0.00041229 134.563
500 4 0.2286 71.3 0.00400603 126.758
400 22.2 0.0254 71.3 0.0214178 117.927
10000 12.7 0.0254 39.6 0.0130253 116.017
1000 15.4 0.0508 71.3 0.0264269 131.865
5000 15.4 0.0508 71.3 0.0264269 119.135
5000 17.4 0.0254 39.6 0.0172206 119.854
1000 0 0.1016 71.3 0.00121072 128.825
5000 4 0.2286 39.6 0.00473801 117.649
1250 0 0.0508 31.7 0.000812164 129.27
2500 6.7 0.1016 55.5 0.0052139 124.273
250 9.5 0.0254 31.7 0.00461377 120.136
800 9.9 0.1524 31.7 0.0252785 125.539
1250 5.3 0.2286 39.6 0.00614329 125.721
2500 5.4 0.1524 71.3 0.00401199 127.591
12500 0 0.1524 71.3 0.0015988 117.087
4000 8.4 0.0508 55.5 0.00544854 122.612
1600 5.3 0.2286 39.6 0.00614329 123.081
2000 0 0.1524 55.5 0.00172668 129.673
630 15.4 0.0508 55.5 0.0271925 129.33
800 7.3 0.2286 31.7 0.0132672 123.209
500 22.2 0.0254 39.6 0.0229028 129.776
2000 17.4 0.0254 71.3 0.016104 126.826
400 8.4 0.0508 55.5 0.00544854 121.582
1250 4 0.3048 39.6 0.00579636 126.343
630 5.4 0.1524 39.6 0.00485029 132.357
1250 0 0.2286 55.5 0.00229336 127.91
1000 15.4 0.0508 55.5 0.0271925 130.4
400 2 0.2286 55.5 0.00313525 122.292
800 22.2 0.0254 39.6 0.0229028 137.076
500 5.4 0.1524 31.7 0.00525474 129.681
630 0 0.1524 31.7 0.00209405 125.997
1250 15.4 0.0508 55.5 0.0271925 130
5000 4 0.3048 39.6 0.00579636 113.733
6300 9.9 0.1524 71.3 0.0193001 112.039
2500 4.2 0.0508 39.6 0.00152689 133.847
1600 12.7 0.0254 71.3 0.0121808 134.528
10000 0 0.1524 39.6 0.00193287 115.413
3150 5.3 0.2286 71.3 0.0051942 123.12
500 4.8 0.0254 39.6 0.000907475 116.366
630 0 0.3048 55.5 0.00283081 127.696
630 8.9 0.1016 71.3 0.0103088 138.423
1000 15.6 0.1016 71.3 0.0437259 124.438
800 8.4 0.0508 71.3 0.00529514 127.556
6300 9.9 0.1524 55.5 0.0208438 110.555
4000 4 0.2286 71.3 0.00400603 121.728
1250 3.3 0.1016 71.3 0.00202822 132.304
2500 0 0.1016 39.6 0.00146332 132.611
400 8.4 0.0508 39.6 0.00566229 120.015
1600 2 0.2286 39.6 0.00346574 125.837
1000 2 0.2286 39.6 0.00346574 129.147
2500 11.2 0.0508 39.6 0.0150478 122.17
800 3.3 0.1016 39.6 0.00245138 129.991
4000 7.2 0.1524 71.3 0.00752039 119.343
1250 12.6 0.1524 39.6 0.0584113 112.16
2500 7.3 0.2286 39.6 0.0123481 116.559
3150 9.9 0.1524 71.3 0.0193001 116.849
1600 0 0.0254 39.6 0.000428464 124.156
2500 9.9 0.1524 71.3 0.0193001 119.639
1600 3.3 0.1016 31.7 0.00251435 133.402
1000 2.7 0.1524 39.6 0.00294804 130.589
5000 15.6 0.1016 39.6 0.0528487 106.224
3150 0 0.3048 55.5 0.00283081 123.236
8000 0 0.2286 71.3 0.00214345 118.024
315 17.4 0.0254 55.5 0.0165706 111.911
10000 0 0.0254 71.3 0.000400682 130.787
12500 1.5 0.3048 39.6 0.00392107 106.111
3150 1.5 0.3048 71.3 0.00336729 123.392
1600 7.3 0.2286 39.6 0.0123481 121.059
2000 2 0.2286 39.6 0.00346574 122.797
315 12.3 0.1016 31.7 0.0418756 124.717
4000 7.3 0.2286 55.5 0.0111706 117.284
4000 19.7 0.0508 39.6 0.036484 108.684
1000 6.7 0.1016 71.3 0.00478288 136.758
1000 4 0.2286 39.6 0.00473801 129.969
400 9.9 0.1524 31.7 0.0252785 128.939
630 3.3 0.1016 31.7 0.00251435 128.952
200 8.9 0.1016 71.3 0.0103088 133.503
500 9.9 0.1524 39.6 0.0233328 126.835
3150 9.5 0.0254 71.3 0.00420654 136.166
2500 2.7 0.1524 39.6 0.00294804 125.589
2500 7.3 0.2286 31.7 0.0132672 114.709
6300 3.3 0.1016 55.5 0.002211 123.839
1600 9.9 0.1524 71.3 0.0193001 121.789
16000 0 0.0254 55.5 0.00041229 125.683
630 0 0.1524 39.6 0.00193287 124.403
10000 4.2 0.0508 39.6 0.00152689 116.967
2500 22.2 0.0254 71.3 0.0214178 126.097
5000 22.2 0.0254 39.6 0.0229028 118.816
1000 17.4 0.0254 71.3 0.016104 125.816
6300 0 0.3048 39.6 0.00310138 116.229
2000 0 0.1524 71.3 0.0015988 128.647
200 7.3 0.2286 31.7 0.0132672 128.679
4000 4 0.3048 71.3 0.00497773 119.535
630 17.4 0.0254 71.3 0.016104 122.606
4000 1.5 0.3048 39.6 0.00392107 117.741
16000 0 0.0254 39.6 0.000428464 124.986
800 8.9 0.1016 39.6 0.0124596 130.94
1000 0 0.2286 39.6 0.00253511 130.435
630 22.2 0.0254 71.3 0.0214178 120.657
5000 4.8 0.0254 39.6 0.000907475 135.426
315 0 0.2286 55.5 0.00229336 119.54
5000 7.2 0.1524 71.3 0.00752039 118.343
5000 3 0.3048 39.6 0.00495741 115.792
250 15.4 0.0508 31.7 0.0289853 121.225
315 7.3 0.2286 39.6 0.0123481 132.149
1250 7.3 0.2286 71.3 0.0104404 127.358
630 12.6 0.1524 71.3 0.0483159 123.304
630 1.5 0.3048 39.6 0.00392107 128.311
4000 15.6 0.1016 71.3 0.0437259 113.298
400 2 0.2286 71.3 0.00293031 125.116
5000 17.4 0.0254 71.3 0.016104 123.126
10000 0 0.1524 55.5 0.00172668 119.253
12500 4.8 0.0254 71.3 0.000848633 127.688
315 11.2 0.0508 39.6 0.0150478 128.99
3150 3.3 0.1016 31.7 0.00251435 128.252
10000 0 0.1016 39.6 0.00146332 119.561
8000 7.2 0.1524 39.6 0.00909175 111.588
1250 17.4 0.0254 71.3 0.016104 126.356
630 2 0.2286 71.3 0.00293031 127.356
630 0 0.1016 55.5 0.00131983 126.17
16000 0 0.1524 55.5 0.00172668 112.803
400 9.5 0.0254 39.6 0.00449821 121.154
1250 3 0.3048 71.3 0.00425727 127.634
4000 9.5 0.0254 55.5 0.0043284 131.582
8000 12.7 0.0254 71.3 0.0121808 120.538
630 12.3 0.1016 39.6 0.0408268 121.315
16000 0 0.3048 71.3 0.00266337 108.721
400 5.4 0.1524 71.3 0.00401199 124.121
2000 7.2 0.1524 71.3 0.00752039 128.643
1250 4 0.2286 71.3 0.00400603 131.718
1600 8.9 0.1016 39.6 0.0124596 123.82
2000 5.3 0.2286 39.6 0.00614329 117.911
3150 4.8 0.0254 31.7 0.000930789 134.268
8000 0 0.0508 71.3 0.000740478 130.89
6300 4 0.3048 71.3 0.00497773 116.165
1600 17.4 0.0254 71.3 0.016104 126.406
6300 7.3 0.2286 55.5 0.0111706 111.534
400 9.5 0.0254 55.5 0.0043284 120.952
3150 5.4 0.1524 71.3 0.00401199 123.311
10000 2.7 0.1524 39.6 0.00294804 112.589
400 12.3 0.1016 71.3 0.0337792 139.428
500 0 0.2286 31.7 0.0027238 126.675
1250 12.3 0.1016 55.5 0.0368233 124.214
4000 0 0.2286 31.7 0.0027238 122.035
8000 0 0.1524 71.3 0.0015988 122.527
2500 0 0.1016 55.5 0.00131983 133.04
400 4 0.3048 71.3 0.00497773 129.575
2000 0 0.2286 71.3 0.00214345 128.244
2000 1.5 0.3048 71.3 0.00336729 126.642
630 12.7 0.0254 39.6 0.0130253 128.867
6300 9.5 0.0254 39.6 0.00449821 120.324
2500 0 0.3048 71.3 0.00266337 125.571
800 3 0.3048 55.5 0.00452492 129.949
5000 15.4 0.0508 55.5 0.0271925 117.11
4000 3 0.3048 55.5 0.00452492 118.689
6300 3 0.3048 71.3 0.00425727 116.134
6300 3 0.3048 31.7 0.00529514 109.718
1000 4 0.2286 55.5 0.0042862 132.134
1250 4 0.2286 39.6 0.00473801 128.339
1250 0 0.0508 39.6 0.000791822 129.148
1250 4 0.2286 31.7 0.00509068 128.119
4000 17.4 0.0254 31.7 0.0176631 121.996
1250 15.6 0.1016 39.6 0.0528487 118.214
1000 0 0.1524 39.6 0.00193287 130.033
800 3.3 0.1016 55.5 0.002211 129.119
1250 0 0.3048 71.3 0.00266337 125.951
3150 4 0.2286 31.7 0.00509068 120.229
400 12.3 0.1016 39.6 0.0408268 128.265
1600 4 0.3048 39.6 0.00579636 123.213
1250 11.2 0.0508 39.6 0.0150478 130.05
200 15.4 0.0508 55.5 0.0271925 122.94
3150 3.3 0.1016 39.6 0.00245138 128.401
8000 0 0.1016 55.5 0.00131983 124.45
1600 9.9 0.1524 31.7 0.0252785 117.119
800 7.3 0.2286 39.6 0.0123481 126.299
630 9.5 0.0254 71.3 0.00420654 125.726
250 9.5 0.0254 39.6 0.00449821 116.924
315 9.9 0.1524 71.3 0.0193001 135.459
1000 9.9 0.1524 31.7 0.0252785 122.149
2000 0 0.2286 55.5 0.00229336 126.54
2500 12.6 0.1524 71.3 0.0483159 115.234
1600 0 0.2286 71.3 0.00214345 129.134
2500 0 0.3048 39.6 0.00310138 121.399
2500 19.7 0.0508 71.3 0.0341183 118.385
800 3 0.3048 31.7 0.00529514 128.708
3150 2 0.2286 39.6 0.00346574 121.627
8000 0 0.1016 31.7 0.00150092 120.193
1000 1.5 0.3048 39.6 0.00392107 127.581
4000 0 0.0508 71.3 0.000740478 134.43
315 22.2 0.0254 71.3 0.0214178 115.857
800 7.2 0.1524 39.6 0.00909175 132.358
315 8.9 0.1016 71.3 0.0103088 136.583
500 4 0.3048 71.3 0.00497773 130.715
1600 0 0.1524 71.3 0.0015988 129.667
3150 0 0.1524 39.6 0.00193287 125.603
6300 2 0.2286 55.5 0.00313525 118.712
2500 3.3 0.1016 39.6 0.00245138 130.791
2500 7.2 0.1524 39.6 0.00909175 117.478
800 2.7 0.1524 39.6 0.00294804 128.829
800 7.2 0.1524 71.3 0.00752039 136.023
1600 0 0.0508 55.5 0.00076193 128.576
10000 3 0.3048 55.5 0.00452492 112.169
4000 3.3 0.1016 55.5 0.002211 127.229
500 7.3 0.2286 71.3 0.0104404 136.798
8000 4.8 0.0254 71.3 0.000848633 131.518
1600 8.4 0.0508 31.7 0.00580776 129.296
4000 2 0.2286 31.7 0.00372371 120.527
1600 3.3 0.1016 55.5 0.002211 133.649
1000 22.2 0.0254 39.6 0.0229028 128.416
2500 4 0.3048 39.6 0.00579636 120.233
315 12.3 0.1016 71.3 0.0337792 137.068
2500 0 0.1524 71.3 0.0015988 128.127
630 9.9 0.1524 39.6 0.0233328 126.465
630 12.3 0.1016 31.7 0.0418756 119.287
400 9.9 0.1524 71.3 0.0193001 135.079
800 12.6 0.1524 39.6 0.0584113 116.56
1250 0 0.1524 39.6 0.00193287 131.023
3150 22.2 0.0254 71.3 0.0214178 124.127
2000 2.7 0.1524 39.6 0.00294804 128.139
4000 4.2 0.0508 39.6 0.00152689 131.807
630 4 0.2286 39.6 0.00473801 129.579
1600 0 0.1016 71.3 0.00121072 131.725
4000 4 0.2286 31.7 0.00509068 118.859
4000 0 0.3048 31.7 0.00331266 118.145
250 11.2 0.0508 39.6 0.0150478 126.43
2000 0 0.0254 39.6 0.000428464 130.026
3150 11.2 0.0508 71.3 0.014072 127.141
1250 0 0.3048 31.7 0.00331266 124.355
2000 22.2 0.0254 39.6 0.0229028 121.256
12500 0 0.0508 71.3 0.000740478 125.22
1600 2.7 0.1524 71.3 0.00243851 130.644
4000 7.3 0.2286 71.3 0.0104404 119.208
1000 3 0.3048 39.6 0.00495741 128.312
400 22.2 0.0254 39.6 0.0229028 123.416
3150 7.3 0.2286 39.6 0.0123481 114.309
1000 7.3 0.2286 31.7 0.0132672 119.099
8000 12.7 0.0254 39.6 0.0130253 120.607
3150 8.4 0.0508 39.6 0.00566229 123.965
400 15.6 0.1016 39.6 0.0528487 120.484
630 4 0.3048 71.3 0.00497773 131.615
630 11.2 0.0508 39.6 0.0150478 133.13
800 6.7 0.1016 55.5 0.0052139 135.953
1250 0 0.0508 71.3 0.000740478 128.56
3150 8.9 0.1016 39.6 0.0124596 119.35
1000 6.7 0.1016 31.7 0.00592927 131.636
500 8.4 0.0508 55.5 0.00544854 123.742
800 2 0.2286 31.7 0.00372371 130.307
1600 0 0.1524 31.7 0.00209405 130.817
200 7.3 0.2286 55.5 0.0111706 135.234
1250 9.9 0.1524 39.6 0.0233328 120.555
6300 0 0.1016 71.3 0.00121072 129.395
4000 12.7 0.0254 39.6 0.0130253 126.537
12500 4.8 0.0254 55.5 0.000873218 125.094
1250 6.7 0.1016 31.7 0.00592927 129.256
500 4.8 0.0254 31.7 0.000930789 116.128
315 12.6 0.1524 71.3 0.0483159 128.484
1250 19.7 0.0508 71.3 0.0341183 121.485
4000 0 0.2286 39.6 0.00253511 123.465
6300 1.5 0.3048 71.3 0.00336729 118.122
2000 17.4 0.0254 39.6 0.0172206 126.644
3150 0 0.2286 31.7 0.0027238 123.445
630 3 0.3048 39.6 0.00495741 129.292
500 2 0.2286 39.6 0.00346574 125.157
5000 5.3 0.2286 39.6 0.00614329 115.311
315 11.2 0.0508 71.3 0.014072 128.381
500 12.3 0.1016 31.7 0.0418756 118.667
1000 4.8 0.0254 39.6 0.000907475 122.956
1250 9.5 0.0254 55.5 0.0043284 132.202
6300 3.3 0.1016 31.7 0.00251435 120.702
250 9.9 0.1524 71.3 0.0193001 135.329
250 12.7 0.0254 39.6 0.0130253 121.547
250 9.9 0.1524 31.7 0.0252785 128.559
10000 3.3 0.1016 55.5 0.002211 115.659
800 17.4 0.0254 71.3 0.016104 124.276
630 15.4 0.0508 39.6 0.0282593 127.443
4000 9.9 0.1524 31.7 0.0252785 111.459
3150 15.4 0.0508 39.6 0.0282593 120.513
3150 2 0.2286 31.7 0.00372371 121.527
6300 0 0.2286 31.7 0.0027238 116.815
800 9.9 0.1524 71.3 0.0193001 128.879
5000 2.7 0.1524 71.3 0.00243851 124.364
